	30	32	34	36	38	40	42	44	46	48	50	52	54	56	58	60	62	64	66	68	70	72	74	76	78	80	82
B020.realigned	24863.0	22166.0	23146.0	23755.0	20921.0	19220.0	13523.0	7767.0	4566.0	2700.0	1866.0	1285.0	889.0	500.0	243.0	119.0	56.0	19.0	3.0	0.0	0.0	0.0	0.0	0.0	0.0	0.0	65042350.0
	30	32	34	36	38	40	42	44	46	48	50	52	54	56	58	60	62	64	66	68	70	72	74	76	78	80	82
B024.realigned	34098.0	30700.0	32131.0	33340.0	29307.0	26770.0	18622.0	10578.0	6298.0	3732.0	2615.0	1671.0	1206.0	735.0	366.0	145.0	53.0	18.0	1.0	0.0	0.0	0.0	0.0	0.0	0.0	0.0	69814788.0
	30	32	34	36	38	40	42	44	46	48	50	52	54	56	58	60	62	64	66	68	70	72	74	76	78	80	82
B039.realigned	45989.0	41493.0	42871.0	44657.0	38949.0	35370.0	24739.0	14441.0	8945.0	5212.0	3643.0	2389.0	1708.0	1054.0	496.0	201.0	82.0	27.0	3.0	0.0	0.0	0.0	0.0	0.0	0.0	0.0	106081494.0
	30	32	34	36	38	40	42	44	46	48	50	52	54	56	58	60	62	64	66	68	70	72	74	76	78	80	82
B047.realigned	10550.0	9338.0	9691.0	9987.0	8781.0	8078.0	6078.0	3412.0	2089.0	1265.0	879.0	521.0	400.0	209.0	114.0	35.0	19.0	9.0	1.0	0.0	0.0	0.0	0.0	0.0	0.0	0.0	57235186.0
	30	32	34	36	38	40	42	44	46	48	50	52	54	56	58	60	62	64	66	68	70	72	74	76	78	80	82
B049.realigned	34052.0	30155.0	31495.0	32817.0	28827.0	25882.0	18232.0	10581.0	6496.0	3857.0	2716.0	1689.0	1277.0	700.0	398.0	147.0	54.0	17.0	3.0	0.0	0.0	0.0	0.0	0.0	0.0	0.0	76023406.0
	30	32	34	36	38	40	42	44	46	48	50	52	54	56	58	60	62	64	66	68	70	72	74	76	78	80	82
B072.realigned	20080.0	17622.0	18698.0	19108.0	16925.0	15476.0	11136.0	6356.0	3870.0	2285.0	1616.0	1016.0	704.0	403.0	179.0	93.0	48.0	12.0	1.0	0.0	0.0	0.0	0.0	0.0	0.0	0.0	40958316.0
	30	32	34	36	38	40	42	44	46	48	50	52	54	56	58	60	62	64	66	68	70	72	74	76	78	80	82
B124.realigned	10550.0	9164.0	9471.0	9815.0	8645.0	7728.0	5540.0	3320.0	2008.0	1283.0	861.0	511.0	434.0	212.0	109.0	57.0	22.0	5.0	3.0	0.0	0.0	0.0	0.0	0.0	0.0	0.0	73447230.0
	30	32	34	36	38	40	42	44	46	48	50	52	54	56	58	60	62	64	66	68	70	72	74	76	78	80	82
B141.realigned	17363.0	15381.0	16036.0	16351.0	14641.0	13285.0	9755.0	5662.0	3414.0	2035.0	1306.0	877.0	677.0	395.0	193.0	75.0	43.0	7.0	3.0	0.0	0.0	0.0	0.0	0.0	0.0	0.0	48348322.0
	30	32	34	36	38	40	42	44	46	48	50	52	54	56	58	60	62	64	66	68	70	72	74	76	78	80	82
B152.realigned	11612.0	10317.0	10634.0	10768.0	9496.0	8706.0	6371.0	3447.0	2171.0	1333.0	917.0	591.0	402.0	260.0	121.0	73.0	25.0	7.0	0.0	0.0	0.0	0.0	0.0	0.0	0.0	0.0	72363880.0
	30	32	34	36	38	40	42	44	46	48	50	52	54	56	58	60	62	64	66	68	70	72	74	76	78	80	82
B155.realigned	23190.0	20650.0	21200.0	22260.0	19732.0	17793.0	12217.0	7040.0	4189.0	2362.0	1729.0	1110.0	754.0	474.0	280.0	90.0	41.0	11.0	0.0	0.0	0.0	0.0	0.0	0.0	0.0	0.0	49520416.0
	30	32	34	36	38	40	42	44	46	48	50	52	54	56	58	60	62	64	66	68	70	72	74	76	78	80	82
B158.realigned	19353.0	17245.0	17978.0	18545.0	16365.0	14746.0	10217.0	5924.0	3559.0	2247.0	1455.0	993.0	735.0	404.0	206.0	80.0	48.0	10.0	2.0	0.0	0.0	0.0	0.0	0.0	0.0	0.0	77665746.0
	30	32	34	36	38	40	42	44	46	48	50	52	54	56	58	60	62	64	66	68	70	72	74	76	78	80	82
B164.realigned	39190.0	34760.0	35694.0	37072.0	32422.0	29378.0	20860.0	11836.0	7087.0	4176.0	2970.0	1922.0	1353.0	815.0	402.0	172.0	52.0	14.0	0.0	0.0	0.0	0.0	0.0	0.0	0.0	0.0	83393014.0
	30	32	34	36	38	40	42	44	46	48	50	52	54	56	58	60	62	64	66	68	70	72	74	76	78	80	82
B169.realigned	3439.0	2896.0	3072.0	3116.0	2683.0	2484.0	1800.0	1107.0	657.0	470.0	343.0	188.0	150.0	76.0	22.0	20.0	12.0	0.0	0.0	0.0	0.0	0.0	0.0	0.0	0.0	0.0	40889700.0
	30	32	34	36	38	40	42	44	46	48	50	52	54	56	58	60	62	64	66	68	70	72	74	76	78	80	82
B173.realigned	25028.0	22543.0	23395.0	24145.0	21211.0	19417.0	13903.0	7970.0	4743.0	2996.0	1938.0	1272.0	963.0	556.0	256.0	122.0	66.0	9.0	1.0	0.0	0.0	0.0	0.0	0.0	0.0	0.0	61973052.0
	30	32	34	36	38	40	42	44	46	48	50	52	54	56	58	60	62	64	66	68	70	72	74	76	78	80	82
CX104.realigned	27346.0	23740.0	24176.0	24803.0	21902.0	19919.0	14374.0	8620.0	5231.0	3055.0	2055.0	1339.0	907.0	540.0	227.0	119.0	45.0	10.0	2.0	0.0	0.0	0.0	0.0	0.0	0.0	0.0	78116228.0
	30	32	34	36	38	40	42	44	46	48	50	52	54	56	58	60	62	64	66	68	70	72	74	76	78	80	82
CX11.realigned	22699.0	20060.0	20516.0	21075.0	19006.0	17098.0	12569.0	7630.0	4433.0	2778.0	1839.0	1128.0	873.0	519.0	248.0	94.0	43.0	6.0	0.0	0.0	0.0	0.0	0.0	0.0	0.0	0.0	100931082.0
	30	32	34	36	38	40	42	44	46	48	50	52	54	56	58	60	62	64	66	68	70	72	74	76	78	80	82
CX110.realigned	32996.0	28600.0	29407.0	29626.0	26695.0	24010.0	17150.0	9904.0	6201.0	3538.0	2423.0	1549.0	1171.0	665.0	364.0	149.0	67.0	14.0	0.0	0.0	0.0	0.0	0.0	0.0	0.0	0.0	97953130.0
	30	32	34	36	38	40	42	44	46	48	50	52	54	56	58	60	62	64	66	68	70	72	74	76	78	80	82
CX112.realigned	40384.0	34782.0	35070.0	35976.0	31551.0	28266.0	20341.0	11725.0	6997.0	4219.0	2849.0	1847.0	1372.0	794.0	412.0	194.0	65.0	23.0	3.0	0.0	0.0	0.0	0.0	0.0	0.0	0.0	108128860.0
	28	30	32	34	36	38	40	42	44	46	48	50	52	54	56	58	60	62	64	66	68	70	72	74	76	78	80	82
CX117.realigned	1.0	43660.0	38584.0	39627.0	41254.0	35871.0	32756.0	23422.0	13162.0	8236.0	4919.0	3283.0	2117.0	1569.0	927.0	456.0	204.0	89.0	22.0	6.0	0.0	0.0	0.0	0.0	0.0	0.0	0.0	92437132.0
	30	32	34	36	38	40	42	44	46	48	50	52	54	56	58	60	62	64	66	68	70	72	74	76	78	80	82
CX220.realigned	29484.0	26365.0	26878.0	27546.0	25342.0	23443.0	17581.0	10528.0	6389.0	4026.0	2542.0	1616.0	1153.0	691.0	292.0	143.0	57.0	15.0	4.0	0.0	0.0	0.0	0.0	0.0	0.0	0.0	109385536.0
	28	30	32	34	36	38	40	42	44	46	48	50	52	54	56	58	60	62	64	66	68	70	72	74	76	78	80	82
CX280.realigned	1.0	23492.0	21457.0	21888.0	22988.0	20730.0	19320.0	13694.0	8003.0	4704.0	2997.0	1905.0	1264.0	957.0	545.0	225.0	107.0	48.0	6.0	1.0	0.0	0.0	0.0	0.0	0.0	0.0	0.0	71826210.0
	30	32	34	36	38	40	42	44	46	48	50	52	54	56	58	60	62	64	66	68	70	72	74	76	78	80	82
CX284.realigned	17701.0	16058.0	16357.0	17121.0	15291.0	13884.0	9811.0	5568.0	3438.0	2326.0	1449.0	833.0	637.0	398.0	148.0	101.0	38.0	4.0	2.0	0.0	0.0	0.0	0.0	0.0	0.0	0.0	78222012.0
	30	32	34	36	38	40	42	44	46	48	50	52	54	56	58	60	62	64	66	68	70	72	74	76	78	80	82
CX307.realigned	20085.0	17553.0	18142.0	18434.0	16366.0	14403.0	10399.0	5982.0	3763.0	2243.0	1570.0	999.0	765.0	437.0	210.0	98.0	52.0	13.0	0.0	0.0	0.0	0.0	0.0	0.0	0.0	0.0	97894870.0
	30	32	34	36	38	40	42	44	46	48	50	52	54	56	58	60	62	64	66	68	70	72	74	76	78	80	82
CX329.realigned	6578.0	5601.0	5668.0	5676.0	5125.0	4628.0	3439.0	2140.0	1350.0	827.0	537.0	318.0	263.0	142.0	80.0	29.0	31.0	8.0	0.0	0.0	0.0	0.0	0.0	0.0	0.0	0.0	73042228.0
	30	32	34	36	38	40	42	44	46	48	50	52	54	56	58	60	62	64	66	68	70	72	74	76	78	80	82
CX364.realigned	51363.0	44994.0	46298.0	48535.0	42763.0	38361.0	27587.0	16004.0	9953.0	6188.0	4125.0	2645.0	1906.0	1105.0	549.0	245.0	88.0	30.0	5.0	0.0	0.0	0.0	0.0	0.0	0.0	0.0	105341590.0
	30	32	34	36	38	40	42	44	46	48	50	52	54	56	58	60	62	64	66	68	70	72	74	76	78	80	82
CX366.realigned	37203.0	32378.0	33650.0	34838.0	30541.0	27562.0	19544.0	11243.0	6768.0	4175.0	2722.0	1746.0	1298.0	761.0	354.0	184.0	75.0	25.0	3.0	0.0	0.0	0.0	0.0	0.0	0.0	0.0	82365672.0
	30	32	34	36	38	40	42	44	46	48	50	52	54	56	58	60	62	64	66	68	70	72	74	76	78	80	82
CX367.realigned	26842.0	23079.0	23498.0	23872.0	20985.0	18866.0	13354.0	7523.0	4605.0	2764.0	1850.0	1109.0	878.0	530.0	243.0	116.0	52.0	17.0	3.0	0.0	0.0	0.0	0.0	0.0	0.0	0.0	92289218.0
	30	32	34	36	38	40	42	44	46	48	50	52	54	56	58	60	62	64	66	68	70	72	74	76	78	80	82
CX368.realigned	26290.0	23276.0	24242.0	25233.0	22337.0	20165.0	14281.0	8461.0	5067.0	3094.0	2000.0	1232.0	954.0	538.0	284.0	107.0	55.0	15.0	1.0	0.0	0.0	0.0	0.0	0.0	0.0	0.0	61905294.0
	30	32	34	36	38	40	42	44	46	48	50	52	54	56	58	60	62	64	66	68	70	72	74	76	78	80	82
CX372.realigned	12510.0	11013.0	11181.0	11612.0	10320.0	9327.0	6636.0	4011.0	2503.0	1662.0	1005.0	632.0	535.0	301.0	131.0	85.0	36.0	8.0	1.0	0.0	0.0	0.0	0.0	0.0	0.0	0.0	45202522.0
	30	32	34	36	38	40	42	44	46	48	50	52	54	56	58	60	62	64	66	68	70	72	74	76	78	80	82
CX379.realigned	19341.0	16964.0	17589.0	18585.0	16474.0	15120.0	10782.0	6104.0	3766.0	2371.0	1556.0	971.0	702.0	434.0	194.0	101.0	29.0	12.0	1.0	0.0	0.0	0.0	0.0	0.0	0.0	0.0	45107384.0
	30	32	34	36	38	40	42	44	46	48	50	52	54	56	58	60	62	64	66	68	70	72	74	76	78	80	82
CX392.realigned	38683.0	34228.0	36313.0	37266.0	33166.0	30109.0	21536.0	12570.0	7740.0	4720.0	3287.0	2020.0	1502.0	915.0	439.0	191.0	71.0	22.0	4.0	0.0	0.0	0.0	0.0	0.0	0.0	0.0	86667944.0
	30	32	34	36	38	40	42	44	46	48	50	52	54	56	58	60	62	64	66	68	70	72	74	76	78	80	82
CX4.realigned	39330.0	34673.0	35611.0	36828.0	32419.0	29485.0	20922.0	12240.0	7387.0	4570.0	3073.0	2050.0	1482.0	877.0	432.0	218.0	84.0	24.0	0.0	0.0	0.0	0.0	0.0	0.0	0.0	0.0	91726870.0
	30	32	34	36	38	40	42	44	46	48	50	52	54	56	58	60	62	64	66	68	70	72	74	76	78	80	82
CX46.realigned	14449.0	12733.0	13327.0	13767.0	12304.0	11230.0	7944.0	4567.0	2758.0	1720.0	1134.0	775.0	558.0	346.0	152.0	75.0	34.0	7.0	1.0	0.0	0.0	0.0	0.0	0.0	0.0	0.0	38358820.0
	30	32	34	36	38	40	42	44	46	48	50	52	54	56	58	60	62	64	66	68	70	72	74	76	78	80	82
CX49.realigned	7988.0	6756.0	7022.0	7217.0	6345.0	5527.0	4096.0	2308.0	1506.0	877.0	574.0	371.0	302.0	191.0	69.0	45.0	15.0	9.0	0.0	0.0	0.0	0.0	0.0	0.0	0.0	0.0	41124004.0
	30	32	34	36	38	40	42	44	46	48	50	52	54	56	58	60	62	64	66	68	70	72	74	76	78	80	82
CX55.realigned	21673.0	18906.0	20002.0	21121.0	17893.0	16479.0	11747.0	6735.0	3924.0	2388.0	1679.0	1100.0	813.0	482.0	224.0	105.0	33.0	10.0	2.0	0.0	0.0	0.0	0.0	0.0	0.0	0.0	48062474.0
	30	32	34	36	38	40	42	44	46	48	50	52	54	56	58	60	62	64	66	68	70	72	74	76	78	80	82
CX578.realigned	19322.0	16560.0	17857.0	18153.0	16222.0	14654.0	10828.0	6194.0	3825.0	2230.0	1665.0	1070.0	753.0	543.0	258.0	120.0	42.0	5.0	0.0	0.0	0.0	0.0	0.0	0.0	0.0	0.0	112624552.0
	28	30	32	34	36	38	40	42	44	46	48	50	52	54	56	58	60	62	64	66	68	70	72	74	76	78	80	82
CX90.realigned	2.0	31378.0	27769.0	29176.0	30204.0	27047.0	24322.0	17135.0	10157.0	6324.0	3922.0	2573.0	1581.0	1224.0	759.0	307.0	176.0	61.0	20.0	2.0	0.0	0.0	0.0	0.0	0.0	0.0	0.0	80759768.0
	30	32	34	36	38	40	42	44	46	48	50	52	54	56	58	60	62	64	66	68	70	72	74	76	78	80	82
IRIS_313-10067.realigned	10518.0	9362.0	9506.0	9872.0	8883.0	7990.0	5619.0	3246.0	2040.0	1268.0	949.0	602.0	469.0	264.0	134.0	66.0	33.0	8.0	0.0	0.0	0.0	0.0	0.0	0.0	0.0	0.0	47625884.0
	30	32	34	36	38	40	42	44	46	48	50	52	54	56	58	60	62	64	66	68	70	72	74	76	78	80	82
IRIS_313-10096.realigned	8694.0	7703.0	7794.0	8110.0	7243.0	6397.0	4703.0	2754.0	1718.0	1007.0	724.0	469.0	386.0	185.0	112.0	61.0	14.0	5.0	1.0	0.0	0.0	0.0	0.0	0.0	0.0	0.0	48326492.0
	30	32	34	36	38	40	42	44	46	48	50	52	54	56	58	60	62	64	66	68	70	72	74	76	78	80	82
IRIS_313-10113.realigned	26327.0	23703.0	24199.0	25043.0	22096.0	19645.0	13881.0	7997.0	4930.0	2871.0	2090.0	1385.0	1047.0	611.0	302.0	133.0	49.0	18.0	1.0	0.0	0.0	0.0	0.0	0.0	0.0	0.0	53314630.0
	30	32	34	36	38	40	42	44	46	48	50	52	54	56	58	60	62	64	66	68	70	72	74	76	78	80	82
IRIS_313-10191.realigned	20959.0	18725.0	19657.0	20448.0	17763.0	16159.0	11334.0	6746.0	4105.0	2413.0	1740.0	1081.0	788.0	515.0	240.0	103.0	34.0	10.0	1.0	0.0	0.0	0.0	0.0	0.0	0.0	0.0	42527484.0
	30	32	34	36	38	40	42	44	46	48	50	52	54	56	58	60	62	64	66	68	70	72	74	76	78	80	82
IRIS_313-10430.realigned	11920.0	11521.0	11910.0	12216.0	11356.0	10960.0	9553.0	5926.0	3367.0	1992.0	1133.0	733.0	443.0	244.0	123.0	31.0	19.0	3.0	0.0	0.0	0.0	0.0	0.0	0.0	0.0	0.0	55727620.0
	30	32	34	36	38	40	42	44	46	48	50	52	54	56	58	60	62	64	66	68	70	72	74	76	78	80	82
IRIS_313-10444.realigned	21311.0	19463.0	20670.0	20962.0	18647.0	17096.0	12925.0	7784.0	4749.0	2777.0	1828.0	1138.0	826.0	419.0	207.0	95.0	30.0	4.0	1.0	0.0	0.0	0.0	0.0	0.0	0.0	0.0	53049056.0
	28	30	32	34	36	38	40	42	44	46	48	50	52	54	56	58	60	62	64	66	68	70	72	74	76	78	80	82
IRIS_313-10484.realigned	1.0	37577.0	34420.0	37669.0	38023.0	33438.0	31591.0	23176.0	14397.0	8696.0	5297.0	3494.0	2267.0	1544.0	837.0	415.0	169.0	44.0	24.0	3.0	0.0	0.0	0.0	0.0	0.0	0.0	0.0	66478232.0
	30	32	34	36	38	40	42	44	46	48	50	52	54	56	58	60	62	64	66	68	70	72	74	76	78	80	82
IRIS_313-10509.realigned	37656.0	34266.0	36793.0	36944.0	31854.0	29259.0	19991.0	12272.0	7414.0	4346.0	3102.0	1951.0	1401.0	895.0	413.0	186.0	65.0	15.0	3.0	0.0	0.0	0.0	0.0	0.0	0.0	0.0	75255542.0
	28	30	32	34	36	38	40	42	44	46	48	50	52	54	56	58	60	62	64	66	68	70	72	74	76	78	80	82
IRIS_313-10522.realigned	2.0	21494.0	20450.0	20996.0	21989.0	19459.0	18075.0	13646.0	8567.0	5277.0	3248.0	2102.0	1444.0	1005.0	534.0	275.0	109.0	34.0	11.0	7.0	0.0	0.0	0.0	0.0	0.0	0.0	0.0	45111260.0
	30	32	34	36	38	40	42	44	46	48	50	52	54	56	58	60	62	64	66	68	70	72	74	76	78	80	82
IRIS_313-10527.realigned	23669.0	21281.0	22423.0	23170.0	19790.0	18363.0	12890.0	7713.0	4838.0	2861.0	1954.0	1261.0	858.0	566.0	270.0	116.0	40.0	21.0	3.0	0.0	0.0	0.0	0.0	0.0	0.0	0.0	47478832.0
	30	32	34	36	38	40	42	44	46	48	50	52	54	56	58	60	62	64	66	68	70	72	74	76	78	80	82
IRIS_313-10549.realigned	26331.0	23710.0	26042.0	26048.0	22845.0	21472.0	14726.0	9148.0	5875.0	3593.0	2456.0	1619.0	1194.0	650.0	357.0	153.0	49.0	15.0	2.0	0.0	0.0	0.0	0.0	0.0	0.0	0.0	58239232.0
	30	32	34	36	38	40	42	44	46	48	50	52	54	56	58	60	62	64	66	68	70	72	74	76	78	80	82
IRIS_313-10558.realigned	9577.0	8628.0	9288.0	9133.0	8203.0	7527.0	5937.0	3796.0	2030.0	1415.0	839.0	509.0	370.0	194.0	120.0	66.0	17.0	5.0	0.0	0.0	0.0	0.0	0.0	0.0	0.0	0.0	43839070.0
	30	32	34	36	38	40	42	44	46	48	50	52	54	56	58	60	62	64	66	68	70	72	74	76	78	80	82
IRIS_313-10585.realigned	19122.0	16775.0	17868.0	17704.0	15298.0	14231.0	9778.0	5796.0	3415.0	2047.0	1359.0	873.0	659.0	392.0	172.0	91.0	41.0	8.0	2.0	0.0	0.0	0.0	0.0	0.0	0.0	0.0	59593060.0
	30	32	34	36	38	40	42	44	46	48	50	52	54	56	58	60	62	64	66	68	70	72	74	76	78	80	82
IRIS_313-10587.realigned	25741.0	22770.0	24324.0	24819.0	21633.0	20590.0	14094.0	8445.0	5079.0	3205.0	2356.0	1542.0	1109.0	629.0	334.0	143.0	56.0	30.0	4.0	0.0	0.0	0.0	0.0	0.0	0.0	0.0	55731678.0
	30	32	34	36	38	40	42	44	46	48	50	52	54	56	58	60	62	64	66	68	70	72	74	76	78	80	82
IRIS_313-10595.realigned	22451.0	20240.0	21668.0	21603.0	19004.0	17640.0	11724.0	6924.0	4372.0	2686.0	1766.0	1094.0	749.0	468.0	219.0	104.0	30.0	15.0	1.0	0.0	0.0	0.0	0.0	0.0	0.0	0.0	49792272.0
	30	32	34	36	38	40	42	44	46	48	50	52	54	56	58	60	62	64	66	68	70	72	74	76	78	80	82
IRIS_313-10598.realigned	29281.0	26491.0	30049.0	28550.0	24515.0	23420.0	16119.0	9757.0	6569.0	3863.0	2761.0	1835.0	1343.0	751.0	372.0	166.0	54.0	21.0	6.0	0.0	0.0	0.0	0.0	0.0	0.0	0.0	63706164.0
	30	32	34	36	38	40	42	44	46	48	50	52	54	56	58	60	62	64	66	68	70	72	74	76	78	80	82
IRIS_313-10603.realigned	67064.0	60508.0	64308.0	64651.0	56788.0	52294.0	35894.0	21704.0	13605.0	8000.0	5421.0	3354.0	2548.0	1340.0	661.0	317.0	95.0	38.0	12.0	0.0	0.0	0.0	0.0	0.0	0.0	0.0	125827832.0
	30	32	34	36	38	40	42	44	46	48	50	52	54	56	58	60	62	64	66	68	70	72	74	76	78	80	82
IRIS_313-10604.realigned	25036.0	22951.0	25381.0	24212.0	21340.0	19419.0	13362.0	7791.0	4913.0	3141.0	1935.0	1255.0	972.0	497.0	284.0	140.0	53.0	8.0	3.0	0.0	0.0	0.0	0.0	0.0	0.0	0.0	56740092.0
	30	32	34	36	38	40	42	44	46	48	50	52	54	56	58	60	62	64	66	68	70	72	74	76	78	80	82
IRIS_313-10620.realigned	15272.0	13615.0	14844.0	14275.0	12250.0	11129.0	7687.0	4665.0	2817.0	1860.0	1270.0	762.0	615.0	350.0	182.0	90.0	27.0	6.0	1.0	0.0	0.0	0.0	0.0	0.0	0.0	0.0	62944734.0
	30	32	34	36	38	40	42	44	46	48	50	52	54	56	58	60	62	64	66	68	70	72	74	76	78	80	82
IRIS_313-10662.realigned	23551.0	21004.0	22763.0	22981.0	19727.0	18491.0	12402.0	7307.0	4516.0	2757.0	1988.0	1170.0	921.0	459.0	233.0	98.0	43.0	14.0	4.0	0.0	0.0	0.0	0.0	0.0	0.0	0.0	44261660.0
	30	32	34	36	38	40	42	44	46	48	50	52	54	56	58	60	62	64	66	68	70	72	74	76	78	80	82
IRIS_313-10673.realigned	22121.0	19724.0	21148.0	21207.0	18509.0	16899.0	11868.0	6868.0	4319.0	2543.0	1811.0	1212.0	847.0	533.0	281.0	112.0	46.0	8.0	1.0	0.0	0.0	0.0	0.0	0.0	0.0	0.0	43286264.0
	30	32	34	36	38	40	42	44	46	48	50	52	54	56	58	60	62	64	66	68	70	72	74	76	78	80	82
IRIS_313-10695.realigned	25439.0	22139.0	24235.0	24257.0	21384.0	19450.0	13486.0	8074.0	4983.0	3051.0	2125.0	1434.0	998.0	612.0	322.0	134.0	50.0	18.0	0.0	0.0	0.0	0.0	0.0	0.0	0.0	0.0	49122910.0
	30	32	34	36	38	40	42	44	46	48	50	52	54	56	58	60	62	64	66	68	70	72	74	76	78	80	82
IRIS_313-10703.realigned	17709.0	16344.0	17249.0	17179.0	15271.0	13553.0	9391.0	5471.0	3315.0	2142.0	1425.0	940.0	693.0	377.0	189.0	90.0	29.0	12.0	2.0	0.0	0.0	0.0	0.0	0.0	0.0	0.0	69461714.0
	28	30	32	34	36	38	40	42	44	46	48	50	52	54	56	58	60	62	64	66	68	70	72	74	76	78	80	82
IRIS_313-10733.realigned	2.0	34368.0	31236.0	32581.0	33700.0	29584.0	26954.0	18986.0	11412.0	6932.0	4269.0	2933.0	2044.0	1399.0	792.0	387.0	179.0	62.0	21.0	2.0	0.0	0.0	0.0	0.0	0.0	0.0	0.0	68868734.0
	30	32	34	36	38	40	42	44	46	48	50	52	54	56	58	60	62	64	66	68	70	72	74	76	78	80	82
IRIS_313-10738.realigned	22233.0	19831.0	21222.0	21342.0	18841.0	17295.0	12009.0	7170.0	4490.0	2719.0	1794.0	1223.0	808.0	464.0	243.0	119.0	44.0	6.0	3.0	0.0	0.0	0.0	0.0	0.0	0.0	0.0	57053658.0
	30	32	34	36	38	40	42	44	46	48	50	52	54	56	58	60	62	64	66	68	70	72	74	76	78	80	82
IRIS_313-10746.realigned	12056.0	9846.0	11247.0	10537.0	9148.0	8396.0	5919.0	3706.0	2246.0	1397.0	986.0	617.0	423.0	290.0	152.0	64.0	30.0	15.0	1.0	0.0	0.0	0.0	0.0	0.0	0.0	0.0	44073290.0
	30	32	34	36	38	40	42	44	46	48	50	52	54	56	58	60	62	64	66	68	70	72	74	76	78	80	82
IRIS_313-10771.realigned	20837.0	18369.0	19646.0	19803.0	16954.0	15621.0	10896.0	6293.0	3932.0	2383.0	1666.0	1009.0	770.0	412.0	216.0	109.0	30.0	11.0	1.0	0.0	0.0	0.0	0.0	0.0	0.0	0.0	70172340.0
	30	32	34	36	38	40	42	44	46	48	50	52	54	56	58	60	62	64	66	68	70	72	74	76	78	80	82
IRIS_313-10795.realigned	18367.0	14136.0	17607.0	15531.0	13509.0	12034.0	8416.0	5026.0	3276.0	2003.0	1487.0	861.0	621.0	382.0	192.0	81.0	27.0	9.0	0.0	0.0	0.0	0.0	0.0	0.0	0.0	0.0	64391642.0
	30	32	34	36	38	40	42	44	46	48	50	52	54	56	58	60	62	64	66	68	70	72	74	76	78	80	82
IRIS_313-10812.realigned	33688.0	29598.0	31257.0	31789.0	28023.0	25735.0	17879.0	10800.0	6649.0	4038.0	2920.0	1737.0	1241.0	717.0	346.0	186.0	47.0	19.0	2.0	0.0	0.0	0.0	0.0	0.0	0.0	0.0	64783104.0
	30	32	34	36	38	40	42	44	46	48	50	52	54	56	58	60	62	64	66	68	70	72	74	76	78	80	82
IRIS_313-10817.realigned	21613.0	18763.0	20246.0	20069.0	17531.0	16045.0	11383.0	6823.0	4113.0	2702.0	1717.0	1146.0	797.0	476.0	194.0	104.0	29.0	14.0	1.0	0.0	0.0	0.0	0.0	0.0	0.0	0.0	67919156.0
	30	32	34	36	38	40	42	44	46	48	50	52	54	56	58	60	62	64	66	68	70	72	74	76	78	80	82
IRIS_313-10830.realigned	18202.0	16015.0	17333.0	17773.0	16376.0	15436.0	12034.0	7693.0	4804.0	2837.0	1831.0	1160.0	822.0	458.0	199.0	78.0	24.0	11.0	1.0	0.0	0.0	0.0	0.0	0.0	0.0	0.0	47041056.0
	30	32	34	36	38	40	42	44	46	48	50	52	54	56	58	60	62	64	66	68	70	72	74	76	78	80	82
IRIS_313-10831.realigned	20929.0	16840.0	18872.0	17958.0	16421.0	14435.0	10160.0	6529.0	4123.0	2534.0	1611.0	1066.0	727.0	445.0	221.0	112.0	35.0	8.0	0.0	0.0	0.0	0.0	0.0	0.0	0.0	0.0	66817846.0
	28	30	32	34	36	38	40	42	44	46	48	50	52	54	56	58	60	62	64	66	68	70	72	74	76	78	80	82
IRIS_313-10850.realigned	1.0	65554.0	53628.0	58793.0	57096.0	49644.0	45612.0	33010.0	20084.0	12207.0	7409.0	4862.0	3301.0	2253.0	1337.0	643.0	258.0	114.0	29.0	2.0	0.0	0.0	0.0	0.0	0.0	0.0	0.0	140578946.0
	30	32	34	36	38	40	42	44	46	48	50	52	54	56	58	60	62	64	66	68	70	72	74	76	78	80	82
IRIS_313-10868.realigned	18301.0	14726.0	15309.0	15000.0	12705.0	11229.0	7923.0	4722.0	2893.0	1771.0	1239.0	823.0	599.0	344.0	176.0	90.0	30.0	5.0	2.0	0.0	0.0	0.0	0.0	0.0	0.0	0.0	45057454.0
	30	32	34	36	38	40	42	44	46	48	50	52	54	56	58	60	62	64	66	68	70	72	74	76	78	80	82
IRIS_313-10877.realigned	20258.0	16065.0	16477.0	16920.0	14371.0	13377.0	9456.0	5553.0	3352.0	1976.0	1439.0	922.0	613.0	336.0	176.0	85.0	25.0	5.0	0.0	0.0	0.0	0.0	0.0	0.0	0.0	0.0	36691630.0
	30	32	34	36	38	40	42	44	46	48	50	52	54	56	58	60	62	64	66	68	70	72	74	76	78	80	82
IRIS_313-10896.realigned	23502.0	20645.0	22008.0	22195.0	19725.0	17863.0	13209.0	7890.0	4883.0	2983.0	1995.0	1266.0	911.0	501.0	247.0	103.0	32.0	12.0	0.0	0.0	0.0	0.0	0.0	0.0	0.0	0.0	41897240.0
	30	32	34	36	38	40	42	44	46	48	50	52	54	56	58	60	62	64	66	68	70	72	74	76	78	80	82
IRIS_313-10925.realigned	24549.0	21853.0	24063.0	23562.0	20534.0	19072.0	13114.0	7777.0	4857.0	2840.0	2046.0	1257.0	946.0	498.0	299.0	123.0	45.0	9.0	1.0	0.0	0.0	0.0	0.0	0.0	0.0	0.0	50658526.0
	30	32	34	36	38	40	42	44	46	48	50	52	54	56	58	60	62	64	66	68	70	72	74	76	78	80	82
IRIS_313-10926.realigned	23940.0	21141.0	23986.0	23790.0	20872.0	19754.0	15295.0	9818.0	6016.0	3685.0	2434.0	1507.0	1023.0	596.0	255.0	111.0	29.0	14.0	3.0	0.0	0.0	0.0	0.0	0.0	0.0	0.0	49354416.0
	28	30	32	34	36	38	40	42	44	46	48	50	52	54	56	58	60	62	64	66	68	70	72	74	76	78	80	82
IRIS_313-10927.realigned	1.0	46497.0	41351.0	44825.0	45274.0	39377.0	35798.0	25130.0	15413.0	9395.0	5853.0	3944.0	2536.0	1761.0	1004.0	504.0	213.0	57.0	21.0	9.0	0.0	0.0	0.0	0.0	0.0	0.0	0.0	85257230.0
	30	32	34	36	38	40	42	44	46	48	50	52	54	56	58	60	62	64	66	68	70	72	74	76	78	80	82
IRIS_313-10933.realigned	22052.0	19168.0	20490.0	20711.0	18519.0	16841.0	12112.0	7206.0	4625.0	2704.0	1886.0	1135.0	862.0	480.0	206.0	115.0	35.0	18.0	0.0	0.0	0.0	0.0	0.0	0.0	0.0	0.0	56830650.0
	30	32	34	36	38	40	42	44	46	48	50	52	54	56	58	60	62	64	66	68	70	72	74	76	78	80	82
IRIS_313-10948.realigned	30516.0	26187.0	28923.0	28881.0	25440.0	23183.0	16809.0	10368.0	6376.0	3842.0	2694.0	1736.0	1174.0	670.0	318.0	153.0	46.0	10.0	4.0	0.0	0.0	0.0	0.0	0.0	0.0	0.0	76950728.0
	30	32	34	36	38	40	42	44	46	48	50	52	54	56	58	60	62	64	66	68	70	72	74	76	78	80	82
IRIS_313-10950.realigned	18366.0	15336.0	16902.0	16451.0	14660.0	13539.0	10139.0	6421.0	3828.0	2241.0	1532.0	1043.0	659.0	399.0	183.0	87.0	21.0	6.0	2.0	0.0	0.0	0.0	0.0	0.0	0.0	0.0	51137708.0
	30	32	34	36	38	40	42	44	46	48	50	52	54	56	58	60	62	64	66	68	70	72	74	76	78	80	82
IRIS_313-10958.realigned	28144.0	26587.0	27973.0	29142.0	27356.0	26120.0	21728.0	13972.0	8260.0	5031.0	3070.0	1867.0	1352.0	737.0	301.0	79.0	28.0	10.0	3.0	0.0	0.0	0.0	0.0	0.0	0.0	0.0	53892592.0
	30	32	34	36	38	40	42	44	46	48	50	52	54	56	58	60	62	64	66	68	70	72	74	76	78	80	82
IRIS_313-10964.realigned	15085.0	13360.0	14449.0	14555.0	12576.0	11865.0	8435.0	5137.0	3212.0	1917.0	1295.0	831.0	597.0	370.0	159.0	56.0	21.0	9.0	0.0	0.0	0.0	0.0	0.0	0.0	0.0	0.0	26326510.0
	30	32	34	36	38	40	42	44	46	48	50	52	54	56	58	60	62	64	66	68	70	72	74	76	78	80	82
IRIS_313-10969.realigned	33143.0	29189.0	31171.0	30957.0	27523.0	25263.0	18149.0	11356.0	6987.0	4328.0	2914.0	1908.0	1327.0	714.0	359.0	128.0	54.0	22.0	0.0	0.0	0.0	0.0	0.0	0.0	0.0	0.0	54527336.0
	30	32	34	36	38	40	42	44	46	48	50	52	54	56	58	60	62	64	66	68	70	72	74	76	78	80	82
IRIS_313-10987.realigned	32588.0	28909.0	30539.0	30334.0	26713.0	24361.0	17263.0	10277.0	6413.0	3825.0	2678.0	1742.0	1255.0	706.0	362.0	159.0	47.0	14.0	4.0	0.0	0.0	0.0	0.0	0.0	0.0	0.0	59431108.0
	30	32	34	36	38	40	42	44	46	48	50	52	54	56	58	60	62	64	66	68	70	72	74	76	78	80	82
IRIS_313-11021.realigned	24408.0	21506.0	22766.0	22805.0	19548.0	17902.0	12543.0	7518.0	4692.0	3279.0	1961.0	1257.0	957.0	468.0	235.0	117.0	50.0	11.0	6.0	0.0	0.0	0.0	0.0	0.0	0.0	0.0	64395138.0
	30	32	34	36	38	40	42	44	46	48	50	52	54	56	58	60	62	64	66	68	70	72	74	76	78	80	82
IRIS_313-11022.realigned	19223.0	17787.0	18342.0	18685.0	16131.0	14474.0	10005.0	5941.0	3758.0	2679.0	1539.0	1037.0	707.0	403.0	219.0	73.0	36.0	13.0	2.0	0.0	0.0	0.0	0.0	0.0	0.0	0.0	50924676.0
	30	32	34	36	38	40	42	44	46	48	50	52	54	56	58	60	62	64	66	68	70	72	74	76	78	80	82
IRIS_313-11023.realigned	19294.0	17297.0	18408.0	18325.0	15750.0	14749.0	9991.0	6034.0	3754.0	2670.0	1668.0	1020.0	803.0	447.0	186.0	87.0	43.0	8.0	1.0	0.0	0.0	0.0	0.0	0.0	0.0	0.0	52082174.0
	30	32	34	36	38	40	42	44	46	48	50	52	54	56	58	60	62	64	66	68	70	72	74	76	78	80	82
IRIS_313-11028.realigned	24401.0	22238.0	23887.0	23632.0	20447.0	18752.0	12740.0	7724.0	4802.0	3145.0	2011.0	1287.0	961.0	506.0	230.0	125.0	54.0	14.0	0.0	0.0	0.0	0.0	0.0	0.0	0.0	0.0	49713854.0
	30	32	34	36	38	40	42	44	46	48	50	52	54	56	58	60	62	64	66	68	70	72	74	76	78	80	82
IRIS_313-11037.realigned	52425.0	47563.0	51230.0	52707.0	45257.0	41546.0	29679.0	17746.0	10836.0	6584.0	4562.0	2980.0	2142.0	1188.0	586.0	234.0	75.0	28.0	8.0	0.0	0.0	0.0	0.0	0.0	0.0	0.0	103847440.0
	28	30	32	34	36	38	40	42	44	46	48	50	52	54	56	58	60	62	64	66	68	70	72	74	76	78	80	82
IRIS_313-11052.realigned	1.0	76569.0	69998.0	75589.0	76054.0	66904.0	62492.0	44242.0	27072.0	16492.0	10144.0	6812.0	4423.0	3193.0	1796.0	845.0	381.0	107.0	44.0	5.0	0.0	0.0	0.0	0.0	0.0	0.0	0.0	135653388.0
	30	32	34	36	38	40	42	44	46	48	50	52	54	56	58	60	62	64	66	68	70	72	74	76	78	80	82
IRIS_313-11055.realigned	46508.0	41250.0	45196.0	45043.0	38964.0	36043.0	24800.0	14695.0	9041.0	5567.0	3930.0	2474.0	1742.0	1020.0	534.0	207.0	82.0	39.0	15.0	0.0	0.0	0.0	0.0	0.0	0.0	0.0	92095570.0
	28	30	32	34	36	38	40	42	44	46	48	50	52	54	56	58	60	62	64	66	68	70	72	74	76	78	80	82
IRIS_313-11062.realigned	1.0	33580.0	29753.0	30811.0	31025.0	26851.0	24613.0	17567.0	10669.0	6567.0	4748.0	2892.0	1812.0	1339.0	771.0	338.0	173.0	55.0	23.0	6.0	0.0	0.0	0.0	0.0	0.0	0.0	0.0	94482288.0
	30	32	34	36	38	40	42	44	46	48	50	52	54	56	58	60	62	64	66	68	70	72	74	76	78	80	82
IRIS_313-11066.realigned	62539.0	58027.0	60735.0	62628.0	57639.0	53494.0	41655.0	26065.0	14839.0	9119.0	5574.0	3544.0	2463.0	1411.0	601.0	244.0	73.0	29.0	5.0	0.0	0.0	0.0	0.0	0.0	0.0	0.0	107341132.0
	30	32	34	36	38	40	42	44	46	48	50	52	54	56	58	60	62	64	66	68	70	72	74	76	78	80	82
IRIS_313-11068.realigned	19087.0	16844.0	17523.0	17629.0	15556.0	14077.0	10222.0	5974.0	3773.0	2771.0	1589.0	963.0	710.0	420.0	204.0	85.0	30.0	4.0	3.0	0.0	0.0	0.0	0.0	0.0	0.0	0.0	52150568.0
	30	32	34	36	38	40	42	44	46	48	50	52	54	56	58	60	62	64	66	68	70	72	74	76	78	80	82
IRIS_313-11069.realigned	22765.0	20141.0	21035.0	21182.0	19055.0	17553.0	13143.0	8087.0	5109.0	3452.0	2063.0	1337.0	944.0	512.0	258.0	101.0	38.0	8.0	2.0	0.0	0.0	0.0	0.0	0.0	0.0	0.0	52071048.0
	30	32	34	36	38	40	42	44	46	48	50	52	54	56	58	60	62	64	66	68	70	72	74	76	78	80	82
IRIS_313-11070.realigned	17771.0	15122.0	16008.0	16287.0	14324.0	13559.0	10297.0	6358.0	3869.0	2878.0	1612.0	1035.0	703.0	397.0	183.0	72.0	34.0	5.0	3.0	0.0	0.0	0.0	0.0	0.0	0.0	0.0	35678294.0
	30	32	34	36	38	40	42	44	46	48	50	52	54	56	58	60	62	64	66	68	70	72	74	76	78	80	82
IRIS_313-11075.realigned	14234.0	12947.0	13715.0	13741.0	11993.0	11355.0	8475.0	5055.0	3275.0	2581.0	1376.0	807.0	575.0	301.0	147.0	60.0	35.0	4.0	1.0	0.0	0.0	0.0	0.0	0.0	0.0	0.0	54028576.0
	30	32	34	36	38	40	42	44	46	48	50	52	54	56	58	60	62	64	66	68	70	72	74	76	78	80	82
IRIS_313-11076.realigned	35147.0	30946.0	32865.0	33485.0	29554.0	26628.0	19040.0	11461.0	6981.0	4943.0	3025.0	1905.0	1346.0	731.0	405.0	172.0	66.0	18.0	2.0	0.0	0.0	0.0	0.0	0.0	0.0	0.0	68625376.0
	30	32	34	36	38	40	42	44	46	48	50	52	54	56	58	60	62	64	66	68	70	72	74	76	78	80	82
IRIS_313-11093.realigned	9672.0	8604.0	9361.0	9211.0	8166.0	7343.0	5094.0	2990.0	1795.0	1256.0	837.0	547.0	388.0	259.0	103.0	47.0	17.0	9.0	0.0	0.0	0.0	0.0	0.0	0.0	0.0	0.0	40437574.0
	30	32	34	36	38	40	42	44	46	48	50	52	54	56	58	60	62	64	66	68	70	72	74	76	78	80	82
IRIS_313-11112.realigned	61940.0	55665.0	60067.0	60727.0	52262.0	48707.0	34179.0	20466.0	12629.0	7632.0	5319.0	3405.0	2467.0	1363.0	665.0	328.0	96.0	25.0	1.0	0.0	0.0	0.0	0.0	0.0	0.0	0.0	121484098.0
	30	32	34	36	38	40	42	44	46	48	50	52	54	56	58	60	62	64	66	68	70	72	74	76	78	80	82
IRIS_313-11125.realigned	15989.0	14423.0	15896.0	15763.0	13489.0	12524.0	8809.0	5217.0	3207.0	1885.0	1287.0	839.0	586.0	352.0	159.0	79.0	18.0	10.0	1.0	0.0	0.0	0.0	0.0	0.0	0.0	0.0	32873228.0
	30	32	34	36	38	40	42	44	46	48	50	52	54	56	58	60	62	64	66	68	70	72	74	76	78	80	82
IRIS_313-11136.realigned	20394.0	18717.0	19612.0	19895.0	17539.0	16043.0	11588.0	7169.0	4308.0	3179.0	1772.0	1161.0	774.0	461.0	221.0	104.0	24.0	5.0	2.0	0.0	0.0	0.0	0.0	0.0	0.0	0.0	42628048.0
	28	30	32	34	36	38	40	42	44	46	48	50	52	54	56	58	60	62	64	66	68	70	72	74	76	78	80	82
IRIS_313-11141.realigned	1.0	24816.0	21935.0	24237.0	23548.0	20379.0	18940.0	12791.0	7643.0	4681.0	3490.0	2101.0	1246.0	843.0	516.0	275.0	117.0	29.0	11.0	2.0	0.0	0.0	0.0	0.0	0.0	0.0	0.0	48737238.0
	30	32	34	36	38	40	42	44	46	48	50	52	54	56	58	60	62	64	66	68	70	72	74	76	78	80	82
IRIS_313-11164.realigned	21448.0	19907.0	21738.0	21722.0	18904.0	17130.0	12358.0	7478.0	4540.0	2648.0	1762.0	1150.0	818.0	426.0	222.0	88.0	21.0	12.0	4.0	0.0	0.0	0.0	0.0	0.0	0.0	0.0	40379382.0
	30	32	34	36	38	40	42	44	46	48	50	52	54	56	58	60	62	64	66	68	70	72	74	76	78	80	82
IRIS_313-11168.realigned	11043.0	10026.0	10471.0	10584.0	9046.0	8678.0	5920.0	3561.0	2148.0	1345.0	882.0	522.0	416.0	218.0	98.0	53.0	20.0	5.0	1.0	0.0	0.0	0.0	0.0	0.0	0.0	0.0	19564560.0
	30	32	34	36	38	40	42	44	46	48	50	52	54	56	58	60	62	64	66	68	70	72	74	76	78	80	82
IRIS_313-11171.realigned	42759.0	40927.0	43743.0	46056.0	42541.0	40513.0	32740.0	21512.0	13144.0	7705.0	4746.0	2886.0	1980.0	1040.0	521.0	167.0	45.0	9.0	3.0	0.0	0.0	0.0	0.0	0.0	0.0	0.0	42739662.0
	30	32	34	36	38	40	42	44	46	48	50	52	54	56	58	60	62	64	66	68	70	72	74	76	78	80	82
IRIS_313-11175.realigned	21791.0	19861.0	21314.0	21285.0	18883.0	17062.0	12258.0	7269.0	4412.0	2550.0	1808.0	1123.0	810.0	446.0	228.0	97.0	34.0	9.0	3.0	0.0	0.0	0.0	0.0	0.0	0.0	0.0	43556770.0
	28	30	32	34	36	38	40	42	44	46	48	50	52	54	56	58	60	62	64	66	68	70	72	74	76	78	80	82
IRIS_313-11191.realigned	1.0	68796.0	62208.0	66267.0	66765.0	58544.0	53528.0	37438.0	22774.0	13987.0	8402.0	5646.0	3557.0	2578.0	1361.0	692.0	320.0	94.0	33.0	4.0	0.0	0.0	0.0	0.0	0.0	0.0	0.0	130816240.0
	30	32	34	36	38	40	42	44	46	48	50	52	54	56	58	60	62	64	66	68	70	72	74	76	78	80	82
IRIS_313-11218.realigned	21861.0	19235.0	21186.0	21916.0	19023.0	17332.0	11970.0	7430.0	4665.0	2606.0	1858.0	1219.0	880.0	443.0	239.0	126.0	40.0	11.0	4.0	0.0	0.0	0.0	0.0	0.0	0.0	0.0	65643138.0
	28	30	32	34	36	38	40	42	44	46	48	50	52	54	56	58	60	62	64	66	68	70	72	74	76	78	80	82
IRIS_313-11257.realigned	1.0	82908.0	75388.0	80664.0	84343.0	76150.0	70874.0	53451.0	33571.0	20348.0	12277.0	7970.0	5128.0	3614.0	2081.0	867.0	414.0	114.0	46.0	4.0	0.0	0.0	0.0	0.0	0.0	0.0	0.0	151122394.0
	30	32	34	36	38	40	42	44	46	48	50	52	54	56	58	60	62	64	66	68	70	72	74	76	78	80	82
IRIS_313-11258.realigned	53449.0	48440.0	51710.0	52198.0	46392.0	42171.0	29730.0	18326.0	11113.0	6746.0	4540.0	2973.0	2073.0	1195.0	567.0	275.0	78.0	20.0	4.0	0.0	0.0	0.0	0.0	0.0	0.0	0.0	137786594.0
	30	32	34	36	38	40	42	44	46	48	50	52	54	56	58	60	62	64	66	68	70	72	74	76	78	80	82
IRIS_313-11259.realigned	9141.0	8287.0	8734.0	9390.0	8540.0	7844.0	5917.0	3672.0	2347.0	1300.0	866.0	571.0	395.0	243.0	80.0	43.0	10.0	3.0	1.0	0.0	0.0	0.0	0.0	0.0	0.0	0.0	21551550.0
	30	32	34	36	38	40	42	44	46	48	50	52	54	56	58	60	62	64	66	68	70	72	74	76	78	80	82
IRIS_313-11268.realigned	17093.0	15225.0	17159.0	17627.0	14619.0	13623.0	9287.0	5675.0	3666.0	2193.0	1514.0	967.0	636.0	390.0	195.0	77.0	32.0	7.0	2.0	0.0	0.0	0.0	0.0	0.0	0.0	0.0	53967644.0
	30	32	34	36	38	40	42	44	46	48	50	52	54	56	58	60	62	64	66	68	70	72	74	76	78	80	82
IRIS_313-11272.realigned	36926.0	33840.0	37873.0	39789.0	35718.0	33626.0	24672.0	15898.0	9837.0	5920.0	3947.0	2499.0	1709.0	943.0	445.0	181.0	52.0	19.0	3.0	0.0	0.0	0.0	0.0	0.0	0.0	0.0	61909940.0
	30	32	34	36	38	40	42	44	46	48	50	52	54	56	58	60	62	64	66	68	70	72	74	76	78	80	82
IRIS_313-11293.realigned	17786.0	15993.0	16774.0	17057.0	15378.0	14268.0	10570.0	6573.0	4025.0	2528.0	1725.0	1047.0	730.0	456.0	216.0	98.0	30.0	8.0	0.0	0.0	0.0	0.0	0.0	0.0	0.0	0.0	42469906.0
	30	32	34	36	38	40	42	44	46	48	50	52	54	56	58	60	62	64	66	68	70	72	74	76	78	80	82
IRIS_313-11350.realigned	26353.0	24612.0	26103.0	26037.0	22781.0	20596.0	14494.0	8519.0	5010.0	3163.0	2246.0	1407.0	1105.0	631.0	300.0	121.0	46.0	12.0	3.0	0.0	0.0	0.0	0.0	0.0	0.0	0.0	73793250.0
	30	32	34	36	38	40	42	44	46	48	50	52	54	56	58	60	62	64	66	68	70	72	74	76	78	80	82
IRIS_313-11352.realigned	18030.0	16226.0	17426.0	17377.0	15181.0	14079.0	9840.0	5733.0	3543.0	2181.0	1423.0	962.0	725.0	408.0	196.0	108.0	37.0	6.0	5.0	0.0	0.0	0.0	0.0	0.0	0.0	0.0	49860164.0
	30	32	34	36	38	40	42	44	46	48	50	52	54	56	58	60	62	64	66	68	70	72	74	76	78	80	82
IRIS_313-11356.realigned	21751.0	19928.0	20892.0	21015.0	18110.0	16662.0	11444.0	6880.0	4173.0	2548.0	1785.0	1159.0	823.0	483.0	220.0	115.0	27.0	9.0	5.0	0.0	0.0	0.0	0.0	0.0	0.0	0.0	63215168.0
	30	32	34	36	38	40	42	44	46	48	50	52	54	56	58	60	62	64	66	68	70	72	74	76	78	80	82
IRIS_313-11362.realigned	19845.0	17606.0	18545.0	18963.0	16806.0	15506.0	11055.0	6598.0	3965.0	2413.0	1675.0	1054.0	764.0	416.0	207.0	81.0	38.0	14.0	2.0	0.0	0.0	0.0	0.0	0.0	0.0	0.0	52355134.0
	30	32	34	36	38	40	42	44	46	48	50	52	54	56	58	60	62	64	66	68	70	72	74	76	78	80	82
IRIS_313-11364.realigned	27907.0	25671.0	26930.0	27524.0	24646.0	22392.0	15967.0	9508.0	5775.0	3341.0	2367.0	1565.0	1080.0	654.0	278.0	114.0	35.0	16.0	1.0	0.0	0.0	0.0	0.0	0.0	0.0	0.0	48304802.0
	30	32	34	36	38	40	42	44	46	48	50	52	54	56	58	60	62	64	66	68	70	72	74	76	78	80	82
IRIS_313-11380.realigned	14618.0	12986.0	13817.0	14030.0	12551.0	11551.0	8059.0	4741.0	3023.0	1845.0	1159.0	789.0	555.0	328.0	145.0	74.0	22.0	8.0	3.0	0.0	0.0	0.0	0.0	0.0	0.0	0.0	40665370.0
	30	32	34	36	38	40	42	44	46	48	50	52	54	56	58	60	62	64	66	68	70	72	74	76	78	80	82
IRIS_313-11401.realigned	16051.0	14323.0	15301.0	15540.0	13564.0	12831.0	8915.0	5274.0	3332.0	2027.0	1381.0	889.0	626.0	391.0	200.0	76.0	36.0	16.0	3.0	0.0	0.0	0.0	0.0	0.0	0.0	0.0	45231178.0
	30	32	34	36	38	40	42	44	46	48	50	52	54	56	58	60	62	64	66	68	70	72	74	76	78	80	82
IRIS_313-11413.realigned	28552.0	25822.0	26617.0	27461.0	24131.0	21743.0	15435.0	8948.0	5459.0	3301.0	2337.0	1511.0	1049.0	610.0	298.0	158.0	44.0	12.0	2.0	0.0	0.0	0.0	0.0	0.0	0.0	0.0	64850726.0
	30	32	34	36	38	40	42	44	46	48	50	52	54	56	58	60	62	64	66	68	70	72	74	76	78	80	82
IRIS_313-11417.realigned	18042.0	16238.0	17373.0	17442.0	15170.0	13800.0	9645.0	5893.0	3598.0	2237.0	1506.0	916.0	658.0	425.0	191.0	89.0	32.0	7.0	0.0	0.0	0.0	0.0	0.0	0.0	0.0	0.0	39108564.0
	30	32	34	36	38	40	42	44	46	48	50	52	54	56	58	60	62	64	66	68	70	72	74	76	78	80	82
IRIS_313-11425.realigned	16807.0	15403.0	16343.0	16620.0	14688.0	13758.0	9941.0	6208.0	3907.0	2167.0	1607.0	1029.0	706.0	409.0	184.0	88.0	32.0	6.0	2.0	0.0	0.0	0.0	0.0	0.0	0.0	0.0	38432418.0
	30	32	34	36	38	40	42	44	46	48	50	52	54	56	58	60	62	64	66	68	70	72	74	76	78	80	82
IRIS_313-11483.realigned	38670.0	34670.0	35593.0	37527.0	32905.0	29722.0	20933.0	12082.0	7601.0	4594.0	3255.0	2065.0	1606.0	886.0	459.0	213.0	84.0	26.0	2.0	0.0	0.0	0.0	0.0	0.0	0.0	0.0	81223584.0
	30	32	34	36	38	40	42	44	46	48	50	52	54	56	58	60	62	64	66	68	70	72	74	76	78	80	82
IRIS_313-11530.realigned	42561.0	38136.0	40313.0	42030.0	36610.0	33314.0	23350.0	13876.0	8784.0	5198.0	3714.0	2390.0	1748.0	1023.0	455.0	219.0	97.0	13.0	0.0	0.0	0.0	0.0	0.0	0.0	0.0	0.0	89261318.0
	30	32	34	36	38	40	42	44	46	48	50	52	54	56	58	60	62	64	66	68	70	72	74	76	78	80	82
IRIS_313-11544.realigned	30234.0	26841.0	28047.0	29295.0	25683.0	23599.0	16226.0	9684.0	5769.0	3379.0	2504.0	1571.0	1132.0	655.0	320.0	175.0	63.0	17.0	0.0	0.0	0.0	0.0	0.0	0.0	0.0	0.0	59260362.0
	30	32	34	36	38	40	42	44	46	48	50	52	54	56	58	60	62	64	66	68	70	72	74	76	78	80	82
IRIS_313-11619.realigned	27013.0	23977.0	25006.0	25882.0	22669.0	20722.0	14151.0	8468.0	5121.0	3200.0	2278.0	1476.0	1118.0	644.0	332.0	129.0	31.0	11.0	6.0	0.0	0.0	0.0	0.0	0.0	0.0	0.0	58140728.0
	30	32	34	36	38	40	42	44	46	48	50	52	54	56	58	60	62	64	66	68	70	72	74	76	78	80	82
IRIS_313-11625.realigned	24042.0	21449.0	22411.0	22984.0	20513.0	18692.0	13059.0	7625.0	4624.0	2806.0	1927.0	1247.0	996.0	621.0	281.0	139.0	42.0	10.0	1.0	0.0	0.0	0.0	0.0	0.0	0.0	0.0	68621218.0
	30	32	34	36	38	40	42	44	46	48	50	52	54	56	58	60	62	64	66	68	70	72	74	76	78	80	82
IRIS_313-11626.realigned	25662.0	22828.0	23404.0	23989.0	21110.0	19186.0	13679.0	7814.0	4881.0	3153.0	2082.0	1366.0	967.0	614.0	264.0	142.0	55.0	18.0	3.0	0.0	0.0	0.0	0.0	0.0	0.0	0.0	79640552.0
	30	32	34	36	38	40	42	44	46	48	50	52	54	56	58	60	62	64	66	68	70	72	74	76	78	80	82
IRIS_313-11630.realigned	25588.0	22686.0	23525.0	24370.0	21528.0	19693.0	13860.0	8369.0	5082.0	3016.0	2257.0	1452.0	1019.0	586.0	280.0	128.0	60.0	15.0	1.0	0.0	0.0	0.0	0.0	0.0	0.0	0.0	74831650.0
	26	28	30	32	34	36	38	40	42	44	46	48	50	52	54	56	58	60	62	64	66	68	70	72	74	76	78	80	82
IRIS_313-11647.realigned	1.0	0.0	39144.0	34884.0	36664.0	37564.0	33165.0	30407.0	21265.0	12661.0	7755.0	4844.0	3364.0	2207.0	1621.0	883.0	460.0	187.0	83.0	22.0	0.0	0.0	0.0	0.0	0.0	0.0	0.0	0.0	80926190.0
	30	32	34	36	38	40	42	44	46	48	50	52	54	56	58	60	62	64	66	68	70	72	74	76	78	80	82
IRIS_313-11672.realigned	3637.0	2969.0	2931.0	3039.0	2642.0	2344.0	1757.0	990.0	657.0	373.0	228.0	196.0	141.0	85.0	46.0	20.0	11.0	2.0	0.0	0.0	0.0	0.0	0.0	0.0	0.0	0.0	44607674.0
	30	32	34	36	38	40	42	44	46	48	50	52	54	56	58	60	62	64	66	68	70	72	74	76	78	80	82
IRIS_313-11679.realigned	36556.0	32651.0	34000.0	35543.0	31093.0	27984.0	19756.0	11744.0	7089.0	4431.0	3149.0	2075.0	1525.0	887.0	457.0	191.0	57.0	28.0	1.0	0.0	0.0	0.0	0.0	0.0	0.0	0.0	72068966.0
	30	32	34	36	38	40	42	44	46	48	50	52	54	56	58	60	62	64	66	68	70	72	74	76	78	80	82
IRIS_313-11693.realigned	45409.0	40549.0	42303.0	44429.0	38755.0	35804.0	24933.0	14981.0	9514.0	5820.0	4074.0	2757.0	1998.0	1201.0	577.0	235.0	95.0	26.0	1.0	0.0	0.0	0.0	0.0	0.0	0.0	0.0	96185516.0
	30	32	34	36	38	40	42	44	46	48	50	52	54	56	58	60	62	64	66	68	70	72	74	76	78	80	82
IRIS_313-11825.realigned	56448.0	50040.0	52323.0	53873.0	47640.0	42892.0	30511.0	18053.0	10868.0	6563.0	4733.0	3170.0	2371.0	1306.0	671.0	291.0	104.0	32.0	5.0	0.0	0.0	0.0	0.0	0.0	0.0	0.0	168216006.0
	30	32	34	36	38	40	42	44	46	48	50	52	54	56	58	60	62	64	66	68	70	72	74	76	78	80	82
IRIS_313-11897.realigned	15716.0	13881.0	14217.0	14658.0	13076.0	11711.0	8083.0	4490.0	2815.0	2512.0	1372.0	828.0	617.0	348.0	184.0	96.0	26.0	14.0	5.0	0.0	0.0	0.0	0.0	0.0	0.0	0.0	70099168.0
	30	32	34	36	38	40	42	44	46	48	50	52	54	56	58	60	62	64	66	68	70	72	74	76	78	80	82
IRIS_313-11923.realigned	11864.0	10558.0	10708.0	10983.0	9710.0	8862.0	6181.0	3516.0	2121.0	2438.0	1118.0	577.0	496.0	274.0	153.0	68.0	36.0	7.0	0.0	0.0	0.0	0.0	0.0	0.0	0.0	0.0	50718612.0
	30	32	34	36	38	40	42	44	46	48	50	52	54	56	58	60	62	64	66	68	70	72	74	76	78	80	82
IRIS_313-11956.realigned	11284.0	10091.0	10269.0	10724.0	9483.0	8578.0	5952.0	3610.0	2147.0	1891.0	1010.0	634.0	473.0	261.0	129.0	66.0	23.0	11.0	0.0	0.0	0.0	0.0	0.0	0.0	0.0	0.0	33526346.0
	30	32	34	36	38	40	42	44	46	48	50	52	54	56	58	60	62	64	66	68	70	72	74	76	78	80	82
IRIS_313-11958.realigned	32987.0	29667.0	30845.0	32005.0	28123.0	25447.0	17972.0	10765.0	6379.0	4780.0	2963.0	1875.0	1404.0	809.0	383.0	159.0	74.0	14.0	2.0	0.0	0.0	0.0	0.0	0.0	0.0	0.0	61736056.0
	30	32	34	36	38	40	42	44	46	48	50	52	54	56	58	60	62	64	66	68	70	72	74	76	78	80	82
IRIS_313-11982.realigned	25152.0	21824.0	23109.0	24023.0	21024.0	19259.0	13353.0	7918.0	5013.0	3169.0	2149.0	1347.0	1017.0	591.0	252.0	127.0	39.0	13.0	2.0	0.0	0.0	0.0	0.0	0.0	0.0	0.0	50642136.0
	30	32	34	36	38	40	42	44	46	48	50	52	54	56	58	60	62	64	66	68	70	72	74	76	78	80	82
IRIS_313-12002.realigned	26692.0	23972.0	24756.0	25988.0	22825.0	20814.0	14677.0	8635.0	5373.0	3288.0	2259.0	1537.0	1125.0	610.0	315.0	143.0	46.0	20.0	2.0	0.0	0.0	0.0	0.0	0.0	0.0	0.0	53823226.0
	30	32	34	36	38	40	42	44	46	48	50	52	54	56	58	60	62	64	66	68	70	72	74	76	78	80	82
IRIS_313-12004.realigned	17546.0	15684.0	15932.0	16546.0	14346.0	13336.0	9280.0	5350.0	3168.0	1980.0	1354.0	932.0	706.0	394.0	230.0	101.0	40.0	8.0	0.0	0.0	0.0	0.0	0.0	0.0	0.0	0.0	50484534.0
	28	30	32	34	36	38	40	42	44	46	48	50	52	54	56	58	60	62	64	66	68	70	72	74	76	78	80	82
IRIS_313-12010.realigned	1.0	43034.0	38503.0	40042.0	41791.0	36024.0	33191.0	23212.0	13752.0	8242.0	5253.0	3596.0	2412.0	1764.0	978.0	482.0	221.0	93.0	20.0	4.0	0.0	0.0	0.0	0.0	0.0	0.0	0.0	86556158.0
	30	32	34	36	38	40	42	44	46	48	50	52	54	56	58	60	62	64	66	68	70	72	74	76	78	80	82
IRIS_313-12012.realigned	22287.0	19951.0	20518.0	21421.0	19024.0	17111.0	12052.0	7132.0	4186.0	2626.0	1856.0	1217.0	944.0	585.0	266.0	127.0	44.0	14.0	1.0	0.0	0.0	0.0	0.0	0.0	0.0	0.0	44910238.0
	30	32	34	36	38	40	42	44	46	48	50	52	54	56	58	60	62	64	66	68	70	72	74	76	78	80	82
IRIS_313-12030.realigned	19712.0	17437.0	18083.0	19070.0	16531.0	15157.0	10515.0	6134.0	3929.0	2486.0	1621.0	1072.0	766.0	407.0	207.0	102.0	47.0	11.0	0.0	0.0	0.0	0.0	0.0	0.0	0.0	0.0	56895628.0
	30	32	34	36	38	40	42	44	46	48	50	52	54	56	58	60	62	64	66	68	70	72	74	76	78	80	82
IRIS_313-12053.realigned	20983.0	18617.0	19713.0	20431.0	17705.0	16166.0	11409.0	6593.0	4144.0	2504.0	1829.0	1173.0	812.0	514.0	259.0	137.0	43.0	16.0	0.0	0.0	0.0	0.0	0.0	0.0	0.0	0.0	43088730.0
	30	32	34	36	38	40	42	44	46	48	50	52	54	56	58	60	62	64	66	68	70	72	74	76	78	80	82
IRIS_313-12055.realigned	28575.0	25322.0	26685.0	27318.0	23914.0	22153.0	15363.0	9061.0	5681.0	3466.0	2378.0	1642.0	1125.0	623.0	370.0	135.0	35.0	19.0	4.0	0.0	0.0	0.0	0.0	0.0	0.0	0.0	60310496.0
	30	32	34	36	38	40	42	44	46	48	50	52	54	56	58	60	62	64	66	68	70	72	74	76	78	80	82
IRIS_313-12070.realigned	16502.0	14800.0	15111.0	15688.0	13862.0	12482.0	8977.0	5169.0	3115.0	1926.0	1352.0	946.0	730.0	425.0	214.0	81.0	45.0	16.0	1.0	0.0	0.0	0.0	0.0	0.0	0.0	0.0	65999424.0
	30	32	34	36	38	40	42	44	46	48	50	52	54	56	58	60	62	64	66	68	70	72	74	76	78	80	82
IRIS_313-12074.realigned	18906.0	16825.0	17737.0	17859.0	15996.0	14531.0	10268.0	5889.0	3816.0	2188.0	1571.0	1115.0	790.0	537.0	201.0	101.0	39.0	14.0	2.0	0.0	0.0	0.0	0.0	0.0	0.0	0.0	60069636.0
	30	32	34	36	38	40	42	44	46	48	50	52	54	56	58	60	62	64	66	68	70	72	74	76	78	80	82
IRIS_313-12094.realigned	31998.0	28333.0	29237.0	30386.0	26916.0	24329.0	17262.0	10011.0	6135.0	3789.0	2754.0	1725.0	1267.0	778.0	373.0	174.0	80.0	22.0	1.0	0.0	0.0	0.0	0.0	0.0	0.0	0.0	94977286.0
	30	32	34	36	38	40	42	44	46	48	50	52	54	56	58	60	62	64	66	68	70	72	74	76	78	80	82
IRIS_313-12108.realigned	18451.0	16340.0	16971.0	17373.0	15540.0	13905.0	9626.0	6031.0	3684.0	2180.0	1645.0	1027.0	817.0	467.0	227.0	122.0	57.0	11.0	0.0	0.0	0.0	0.0	0.0	0.0	0.0	0.0	77167580.0
	30	32	34	36	38	40	42	44	46	48	50	52	54	56	58	60	62	64	66	68	70	72	74	76	78	80	82
IRIS_313-12282.realigned	17959.0	16140.0	17071.0	17420.0	15322.0	14068.0	9609.0	5911.0	3570.0	2114.0	1532.0	982.0	714.0	422.0	187.0	95.0	37.0	8.0	3.0	0.0	0.0	0.0	0.0	0.0	0.0	0.0	36811972.0
	30	32	34	36	38	40	42	44	46	48	50	52	54	56	58	60	62	64	66	68	70	72	74	76	78	80	82
IRIS_313-12289.realigned	15850.0	14187.0	14675.0	14832.0	13115.0	11813.0	8320.0	4730.0	2879.0	1918.0	1308.0	799.0	641.0	382.0	188.0	115.0	40.0	14.0	1.0	0.0	0.0	0.0	0.0	0.0	0.0	0.0	70661622.0
	30	32	34	36	38	40	42	44	46	48	50	52	54	56	58	60	62	64	66	68	70	72	74	76	78	80	82
IRIS_313-12347.realigned	8748.0	7655.0	7839.0	7816.0	6961.0	6395.0	4631.0	2473.0	1449.0	862.0	582.0	364.0	269.0	161.0	79.0	37.0	16.0	3.0	0.0	0.0	0.0	0.0	0.0	0.0	0.0	0.0	34282200.0
	30	32	34	36	38	40	42	44	46	48	50	52	54	56	58	60	62	64	66	68	70	72	74	76	78	80	82
IRIS_313-12353.realigned	14637.0	12920.0	13142.0	13726.0	12299.0	11103.0	8554.0	4762.0	2925.0	1723.0	1200.0	831.0	530.0	337.0	140.0	85.0	23.0	11.0	2.0	0.0	0.0	0.0	0.0	0.0	0.0	0.0	65066426.0
	30	32	34	36	38	40	42	44	46	48	50	52	54	56	58	60	62	64	66	68	70	72	74	76	78	80	82
IRIS_313-15896.realigned	17137.0	15021.0	15505.0	16068.0	14259.0	13000.0	8986.0	5318.0	3371.0	1905.0	1392.0	933.0	669.0	390.0	186.0	95.0	31.0	6.0	2.0	0.0	0.0	0.0	0.0	0.0	0.0	0.0	33296826.0
	30	32	34	36	38	40	42	44	46	48	50	52	54	56	58	60	62	64	66	68	70	72	74	76	78	80	82
IRIS_313-15905.realigned	8180.0	7376.0	7735.0	7657.0	6809.0	6275.0	4339.0	2622.0	1581.0	960.0	660.0	458.0	357.0	205.0	112.0	47.0	14.0	2.0	0.0	0.0	0.0	0.0	0.0	0.0	0.0	0.0	34571946.0
	28	30	32	34	36	38	40	42	44	46	48	50	52	54	56	58	60	62	64	66	68	70	72	74	76	78	80	82
IRIS_313-15906.realigned	1.0	17966.0	15830.0	16569.0	17276.0	14937.0	13817.0	9416.0	5762.0	3550.0	2140.0	1515.0	969.0	768.0	459.0	187.0	99.0	31.0	7.0	1.0	0.0	0.0	0.0	0.0	0.0	0.0	0.0	40185026.0
	30	32	34	36	38	40	42	44	46	48	50	52	54	56	58	60	62	64	66	68	70	72	74	76	78	80	82
IRIS_313-7690.realigned	25070.0	21953.0	23156.0	24082.0	22773.0	19425.0	13543.0	8463.0	4923.0	2951.0	2096.0	1338.0	1006.0	584.0	276.0	118.0	51.0	13.0	2.0	0.0	0.0	0.0	0.0	0.0	0.0	0.0	51819752.0
	30	32	34	36	38	40	42	44	46	48	50	52	54	56	58	60	62	64	66	68	70	72	74	76	78	80	82
IRIS_313-7809.realigned	31567.0	27869.0	29517.0	30545.0	28445.0	24799.0	17544.0	10921.0	6627.0	3983.0	2736.0	1864.0	1327.0	767.0	355.0	162.0	73.0	12.0	1.0	0.0	0.0	0.0	0.0	0.0	0.0	0.0	60819658.0
	30	32	34	36	38	40	42	44	46	48	50	52	54	56	58	60	62	64	66	68	70	72	74	76	78	80	82
IRIS_313-8003.realigned	14691.0	13195.0	13566.0	13602.0	12285.0	10958.0	7944.0	4555.0	2690.0	1773.0	1160.0	791.0	545.0	323.0	132.0	88.0	36.0	17.0	2.0	0.0	0.0	0.0	0.0	0.0	0.0	0.0	65658458.0
	30	32	34	36	38	40	42	44	46	48	50	52	54	56	58	60	62	64	66	68	70	72	74	76	78	80	82
IRIS_313-8025.realigned	10391.0	9209.0	9260.0	9374.0	8133.0	7289.0	5311.0	3115.0	1931.0	1170.0	782.0	517.0	377.0	240.0	96.0	51.0	25.0	5.0	1.0	0.0	0.0	0.0	0.0	0.0	0.0	0.0	68007282.0
	30	32	34	36	38	40	42	44	46	48	50	52	54	56	58	60	62	64	66	68	70	72	74	76	78	80	82
IRIS_313-8031.realigned	6721.0	5830.0	6092.0	6247.0	5439.0	4916.0	3508.0	2032.0	1341.0	772.0	597.0	404.0	272.0	167.0	96.0	44.0	22.0	2.0	0.0	0.0	0.0	0.0	0.0	0.0	0.0	0.0	40863928.0
	30	32	34	36	38	40	42	44	46	48	50	52	54	56	58	60	62	64	66	68	70	72	74	76	78	80	82
IRIS_313-8066.realigned	8899.0	7751.0	8214.0	8299.0	7336.0	6603.0	4949.0	2956.0	1802.0	1148.0	814.0	518.0	395.0	248.0	122.0	53.0	31.0	9.0	0.0	0.0	0.0	0.0	0.0	0.0	0.0	0.0	71175084.0
	30	32	34	36	38	40	42	44	46	48	50	52	54	56	58	60	62	64	66	68	70	72	74	76	78	80	82
IRIS_313-8170.realigned	11619.0	10596.0	11217.0	11341.0	10091.0	9368.0	6821.0	3937.0	2414.0	1616.0	999.0	722.0	535.0	313.0	164.0	63.0	29.0	10.0	0.0	0.0	0.0	0.0	0.0	0.0	0.0	0.0	67382526.0
	30	32	34	36	38	40	42	44	46	48	50	52	54	56	58	60	62	64	66	68	70	72	74	76	78	80	82
IRIS_313-8195.realigned	9076.0	7830.0	8278.0	8428.0	7439.0	6613.0	4889.0	2936.0	1835.0	1111.0	811.0	521.0	415.0	269.0	138.0	71.0	28.0	6.0	0.0	0.0	0.0	0.0	0.0	0.0	0.0	0.0	58073130.0
	30	32	34	36	38	40	42	44	46	48	50	52	54	56	58	60	62	64	66	68	70	72	74	76	78	80	82
IRIS_313-8283.realigned	18365.0	16520.0	17390.0	17861.0	15492.0	14253.0	9971.0	5717.0	3460.0	2086.0	1416.0	965.0	717.0	373.0	182.0	93.0	38.0	14.0	0.0	0.0	0.0	0.0	0.0	0.0	0.0	0.0	34850504.0
	30	32	34	36	38	40	42	44	46	48	50	52	54	56	58	60	62	64	66	68	70	72	74	76	78	80	82
IRIS_313-8326.realigned	59639.0	53351.0	55588.0	57811.0	50278.0	45691.0	32099.0	18964.0	11534.0	7277.0	5083.0	3274.0	2532.0	1461.0	695.0	306.0	135.0	28.0	2.0	0.0	0.0	0.0	0.0	0.0	0.0	0.0	197483348.0
	30	32	34	36	38	40	42	44	46	48	50	52	54	56	58	60	62	64	66	68	70	72	74	76	78	80	82
IRIS_313-8399.realigned	4335.0	3822.0	3722.0	4017.0	3450.0	3174.0	2441.0	1487.0	872.0	566.0	386.0	265.0	204.0	122.0	71.0	25.0	12.0	3.0	1.0	0.0	0.0	0.0	0.0	0.0	0.0	0.0	37816522.0
	30	32	34	36	38	40	42	44	46	48	50	52	54	56	58	60	62	64	66	68	70	72	74	76	78	80	82
IRIS_313-8656.realigned	18453.0	16532.0	17130.0	17430.0	15406.0	13938.0	9974.0	5617.0	3477.0	2214.0	1456.0	946.0	797.0	434.0	198.0	102.0	31.0	18.0	1.0	0.0	0.0	0.0	0.0	0.0	0.0	0.0	53666202.0
	30	32	34	36	38	40	42	44	46	48	50	52	54	56	58	60	62	64	66	68	70	72	74	76	78	80	82
IRIS_313-8665.realigned	10077.0	8912.0	9226.0	9400.0	8262.0	7583.0	5523.0	3194.0	2073.0	1272.0	879.0	542.0	452.0	256.0	122.0	57.0	28.0	5.0	1.0	0.0	0.0	0.0	0.0	0.0	0.0	0.0	73266800.0
	30	32	34	36	38	40	42	44	46	48	50	52	54	56	58	60	62	64	66	68	70	72	74	76	78	80	82
IRIS_313-8712.realigned	16421.0	14643.0	15064.0	15334.0	13879.0	12603.0	8754.0	5087.0	3123.0	1788.0	1339.0	916.0	654.0	382.0	203.0	78.0	31.0	11.0	0.0	0.0	0.0	0.0	0.0	0.0	0.0	0.0	50249362.0
	30	32	34	36	38	40	42	44	46	48	50	52	54	56	58	60	62	64	66	68	70	72	74	76	78	80	82
IRIS_313-8721.realigned	32114.0	28788.0	30385.0	30996.0	27489.0	24833.0	17369.0	10045.0	6128.0	3787.0	2640.0	1774.0	1314.0	753.0	369.0	178.0	62.0	18.0	2.0	0.0	0.0	0.0	0.0	0.0	0.0	0.0	65579800.0
	30	32	34	36	38	40	42	44	46	48	50	52	54	56	58	60	62	64	66	68	70	72	74	76	78	80	82
IRIS_313-8747.realigned	18866.0	17256.0	17814.0	18377.0	15904.0	14690.0	10031.0	5932.0	3517.0	2135.0	1502.0	1019.0	708.0	410.0	195.0	95.0	38.0	11.0	2.0	0.0	0.0	0.0	0.0	0.0	0.0	0.0	67113218.0
	30	32	34	36	38	40	42	44	46	48	50	52	54	56	58	60	62	64	66	68	70	72	74	76	78	80	82
IRIS_313-8765.realigned	14599.0	12810.0	13146.0	13346.0	12071.0	10885.0	7943.0	4571.0	2734.0	1701.0	1133.0	774.0	541.0	340.0	174.0	66.0	32.0	12.0	0.0	0.0	0.0	0.0	0.0	0.0	0.0	0.0	40264178.0
	30	32	34	36	38	40	42	44	46	48	50	52	54	56	58	60	62	64	66	68	70	72	74	76	78	80	82
IRIS_313-8768.realigned	19567.0	17945.0	18286.0	18751.0	16350.0	15214.0	10865.0	6335.0	3610.0	2328.0	1597.0	1087.0	814.0	447.0	235.0	123.0	38.0	15.0	1.0	0.0	0.0	0.0	0.0	0.0	0.0	0.0	85481550.0
	30	32	34	36	38	40	42	44	46	48	50	52	54	56	58	60	62	64	66	68	70	72	74	76	78	80	82
IRIS_313-8813.realigned	20611.0	18277.0	18644.0	19430.0	17386.0	15894.0	10986.0	6468.0	4070.0	2343.0	1741.0	1099.0	851.0	510.0	232.0	89.0	34.0	7.0	2.0	0.0	0.0	0.0	0.0	0.0	0.0	0.0	65695936.0
	30	32	34	36	38	40	42	44	46	48	50	52	54	56	58	60	62	64	66	68	70	72	74	76	78	80	82
IRIS_313-8814.realigned	14392.0	12740.0	13226.0	13569.0	11907.0	10805.0	7513.0	4441.0	2749.0	1705.0	1121.0	725.0	534.0	373.0	143.0	64.0	22.0	10.0	0.0	0.0	0.0	0.0	0.0	0.0	0.0	0.0	41011570.0
	30	32	34	36	38	40	42	44	46	48	50	52	54	56	58	60	62	64	66	68	70	72	74	76	78	80	82
IRIS_313-9053.realigned	8398.0	7432.0	7628.0	7919.0	6850.0	6196.0	4462.0	2512.0	1542.0	920.0	683.0	441.0	333.0	169.0	82.0	32.0	15.0	2.0	0.0	0.0	0.0	0.0	0.0	0.0	0.0	0.0	29035468.0
	30	32	34	36	38	40	42	44	46	48	50	52	54	56	58	60	62	64	66	68	70	72	74	76	78	80	82
IRIS_313-9083.realigned	11407.0	10322.0	10637.0	11041.0	9644.0	8834.0	6233.0	3659.0	2166.0	1324.0	899.0	670.0	480.0	298.0	105.0	63.0	11.0	6.0	0.0	0.0	0.0	0.0	0.0	0.0	0.0	0.0	40515950.0
	30	32	34	36	38	40	42	44	46	48	50	52	54	56	58	60	62	64	66	68	70	72	74	76	78	80	82
IRIS_313-9139.realigned	23249.0	20959.0	21719.0	22626.0	19888.0	18387.0	12824.0	7597.0	4601.0	2899.0	2061.0	1318.0	996.0	595.0	252.0	104.0	38.0	14.0	1.0	0.0	0.0	0.0	0.0	0.0	0.0	0.0	45629718.0
	30	32	34	36	38	40	42	44	46	48	50	52	54	56	58	60	62	64	66	68	70	72	74	76	78	80	82
IRIS_313-9140.realigned	5420.0	4925.0	5006.0	5092.0	4538.0	3967.0	2833.0	1709.0	1084.0	716.0	429.0	321.0	223.0	142.0	76.0	49.0	20.0	1.0	0.0	0.0	0.0	0.0	0.0	0.0	0.0	0.0	40005478.0
	30	32	34	36	38	40	42	44	46	48	50	52	54	56	58	60	62	64	66	68	70	72	74	76	78	80	82
IRIS_313-9170.realigned	22173.0	19662.0	20145.0	21371.0	18928.0	17123.0	11978.0	6973.0	4162.0	2632.0	1732.0	1181.0	900.0	539.0	267.0	119.0	39.0	11.0	0.0	0.0	0.0	0.0	0.0	0.0	0.0	0.0	62520528.0
	28	30	32	34	36	38	40	42	44	46	48	50	52	54	56	58	60	62	64	66	68	70	72	74	76	78	80	82
IRIS_313-9294.realigned	2.0	78013.0	70436.0	74283.0	76665.0	67073.0	61122.0	43407.0	25755.0	15584.0	9265.0	6556.0	4283.0	3103.0	1807.0	847.0	412.0	133.0	43.0	3.0	0.0	0.0	0.0	0.0	0.0	0.0	0.0	151492208.0
	30	32	34	36	38	40	42	44	46	48	50	52	54	56	58	60	62	64	66	68	70	72	74	76	78	80	82
IRIS_313-9348.realigned	28274.0	25239.0	26191.0	27693.0	24266.0	21811.0	15567.0	9130.0	5652.0	3473.0	2487.0	1675.0	1174.0	661.0	317.0	132.0	63.0	18.0	2.0	0.0	0.0	0.0	0.0	0.0	0.0	0.0	60056556.0
	30	32	34	36	38	40	42	44	46	48	50	52	54	56	58	60	62	64	66	68	70	72	74	76	78	80	82
IRIS_313-9368.realigned	21701.0	19604.0	20249.0	21019.0	18246.0	16601.0	11879.0	6746.0	4333.0	2667.0	1779.0	1191.0	897.0	499.0	268.0	114.0	43.0	11.0	1.0	0.0	0.0	0.0	0.0	0.0	0.0	0.0	44773124.0
	30	32	34	36	38	40	42	44	46	48	50	52	54	56	58	60	62	64	66	68	70	72	74	76	78	80	82
IRIS_313-9392.realigned	12208.0	10941.0	11114.0	11584.0	10328.0	9097.0	6524.0	3703.0	2276.0	1444.0	935.0	637.0	483.0	285.0	122.0	78.0	17.0	6.0	1.0	0.0	0.0	0.0	0.0	0.0	0.0	0.0	46082022.0
	30	32	34	36	38	40	42	44	46	48	50	52	54	56	58	60	62	64	66	68	70	72	74	76	78	80	82
IRIS_313-9422.realigned	36723.0	32927.0	34066.0	35586.0	30784.0	28145.0	20148.0	11449.0	7032.0	4424.0	2946.0	1959.0	1456.0	842.0	419.0	221.0	51.0	14.0	0.0	0.0	0.0	0.0	0.0	0.0	0.0	0.0	79628316.0
	30	32	34	36	38	40	42	44	46	48	50	52	54	56	58	60	62	64	66	68	70	72	74	76	78	80	82
IRIS_313-9449.realigned	37717.0	32897.0	34915.0	36645.0	32021.0	29178.0	20447.0	12103.0	7316.0	4635.0	3162.0	2080.0	1556.0	869.0	445.0	183.0	78.0	19.0	1.0	0.0	0.0	0.0	0.0	0.0	0.0	0.0	80447050.0
	30	32	34	36	38	40	42	44	46	48	50	52	54	56	58	60	62	64	66	68	70	72	74	76	78	80	82
IRIS_313-9522.realigned	22871.0	20393.0	21406.0	21976.0	19197.0	17401.0	12249.0	7258.0	4492.0	2685.0	1957.0	1318.0	958.0	544.0	258.0	137.0	37.0	14.0	2.0	0.0	0.0	0.0	0.0	0.0	0.0	0.0	46703226.0
	30	32	34	36	38	40	42	44	46	48	50	52	54	56	58	60	62	64	66	68	70	72	74	76	78	80	82
IRIS_313-9572.realigned	28097.0	25446.0	26042.0	27240.0	23813.0	21593.0	15218.0	9310.0	5651.0	3429.0	2391.0	1512.0	1154.0	659.0	339.0	121.0	48.0	14.0	1.0	0.0	0.0	0.0	0.0	0.0	0.0	0.0	55851470.0
	30	32	34	36	38	40	42	44	46	48	50	52	54	56	58	60	62	64	66	68	70	72	74	76	78	80	82
IRIS_313-9616.realigned	11379.0	10324.0	10658.0	10823.0	9633.0	8623.0	6336.0	3530.0	2144.0	1356.0	909.0	588.0	431.0	240.0	148.0	66.0	24.0	4.0	0.0	0.0	0.0	0.0	0.0	0.0	0.0	0.0	49370846.0
	30	32	34	36	38	40	42	44	46	48	50	52	54	56	58	60	62	64	66	68	70	72	74	76	78	80	82
IRIS_313-9641.realigned	13173.0	11681.0	12081.0	12912.0	11175.0	10037.0	7048.0	4045.0	2542.0	1550.0	1047.0	686.0	475.0	294.0	149.0	49.0	22.0	5.0	2.0	0.0	0.0	0.0	0.0	0.0	0.0	0.0	28285754.0
	30	32	34	36	38	40	42	44	46	48	50	52	54	56	58	60	62	64	66	68	70	72	74	76	78	80	82
IRIS_313-9648.realigned	19560.0	17333.0	18030.0	18672.0	16393.0	14734.0	10520.0	6238.0	3775.0	2242.0	1605.0	1027.0	715.0	472.0	202.0	94.0	43.0	13.0	2.0	0.0	0.0	0.0	0.0	0.0	0.0	0.0	49705484.0
	30	32	34	36	38	40	42	44	46	48	50	52	54	56	58	60	62	64	66	68	70	72	74	76	78	80	82
IRIS_313-9682.realigned	23742.0	20906.0	21976.0	22565.0	19842.0	18061.0	12639.0	7318.0	4355.0	2737.0	1855.0	1328.0	927.0	550.0	277.0	154.0	50.0	18.0	2.0	0.0	0.0	0.0	0.0	0.0	0.0	0.0	68254936.0
	30	32	34	36	38	40	42	44	46	48	50	52	54	56	58	60	62	64	66	68	70	72	74	76	78	80	82
IRIS_313-9759.realigned	5774.0	5140.0	5059.0	5243.0	4816.0	4394.0	3342.0	1951.0	1158.0	773.0	507.0	345.0	240.0	142.0	76.0	36.0	15.0	9.0	0.0	0.0	0.0	0.0	0.0	0.0	0.0	0.0	41748724.0
	30	32	34	36	38	40	42	44	46	48	50	52	54	56	58	60	62	64	66	68	70	72	74	76	78	80	82
IRIS_313-9789.realigned	10497.0	9770.0	9954.0	10442.0	9307.0	8665.0	6464.0	3825.0	2353.0	1475.0	1010.0	673.0	444.0	266.0	130.0	61.0	18.0	5.0	0.0	0.0	0.0	0.0	0.0	0.0	0.0	0.0	42212312.0
	30	32	34	36	38	40	42	44	46	48	50	52	54	56	58	60	62	64	66	68	70	72	74	76	78	80	82
IRIS_313-9886.realigned	6522.0	5764.0	5850.0	5843.0	5419.0	4751.0	3612.0	2269.0	1301.0	865.0	588.0	383.0	270.0	171.0	74.0	47.0	16.0	5.0	0.0	0.0	0.0	0.0	0.0	0.0	0.0	0.0	52326642.0
	28	30	32	34	36	38	40	42	44	46	48	50	52	54	56	58	60	62	64	66	68	70	72	74	76	78	80	82
IRIS_313-9926.realigned	1.0	33395.0	29981.0	31200.0	32851.0	29521.0	26690.0	19894.0	12464.0	7442.0	4557.0	2953.0	1982.0	1389.0	850.0	393.0	184.0	57.0	11.0	0.0	0.0	0.0	0.0	0.0	0.0	0.0	0.0	57287904.0

